00
00
00
00
3c
42
62
22
22
22
22
22
00
00
00
00
64
64
24
44
44
44
44
38
00
00
00
00
52
72
12
22
22
22
22
1c
00
00
00
00
3c
42
42
5a
5a
52
52
22
00
00
00
00
34
4a
42
5a
5a
52
52
22
00
00
00
00
52
72
12
22
22
22
72
6c
00
00
00
00
0c
0c
04
04
44
24
14
0c
00
00
00
00
3c
42
02
1a
1a
0a
0a
0c
00
00
00
00
38
44
04
64
64
24
2e
36
00
00
04
04
64
68
24
44
44
44
44
38
00
00
02
02
52
74
12
22
22
22
22
1c
00
00
00
00
39
45
25
45
45
45
6f
6d
00
00
00
32
4a
2a
4a
4a
4a
6e
68
06
00
3c
42
62
22
22
22
62
6a
12
2c
00
00
3c
42
62
22
22
22
62
6a
1e
2a
00
00
3e
40
3c
04
34
34
0c
04
54
2c
00
00
00
00
00
54
7a
12
22
22
22
22
22
00
00
00
00
29
55
45
45
75
55
6f
4d
00
00
00
00
32
4a
2a
4a
4a
4a
6f
6b
00
00
00
00
3c
42
42
5a
5a
4a
4a
32
00
00
00
00
34
4a
42
5a
5a
4a
4a
32
00
00
00
00
3c
42
62
22
22
22
32
32
00
00
00
00
66
6a
32
22
22
22
22
22
00
00
00
00
3c
40
78
24
24
24
24
18
00
00
00
00
64
64
24
44
44
44
4e
36
00
00
00
00
62
62
22
22
22
22
22
1c
00
00
02
02
62
62
22
22
22
22
22
1c
00
00
00
00
62
62
42
4a
4a
4a
4a
34
00
00
02
02
62
62
42
4a
4a
4a
4a
34
00
00
00
00
6a
6a
2a
2a
2a
2a
2a
14
00
00
02
02
6a
6a
2a
2a
2a
2a
2a
14
00
00
00
00
3c
42
62
22
22
22
62
62
00
00
00
00
62
62
22
22
22
22
72
6c
00
00
00
00
62
62
42
32
42
42
42
3c
00
00
00
00
3c
40
78
04
04
04
0c
0c
00
00
3c
42
62
22
22
22
32
32
02
02
00
00
00
00
3c
42
42
1a
26
22
32
32
00
00
3c
42
62
22
22
22
62
62
02
02
00
00
00
00
38
44
04
04
04
04
0c
0c
00
00
02
02
3c
42
42
5a
5a
52
52
22
00
00
00
00
62
62
22
2a
2e
22
22
1c
00
00
02
02
3c
42
02
1a
26
22
32
32
00
00
00
00
66
66
24
2a
32
22
22
22
00
00
02
02
6c
62
2a
2a
2a
2a
2a
14
00
00
00
00
3c
42
02
32
32
22
22
1c
00
00
02
04
3c
7a
02
32
32
22
22
1c
00
00
00
00
6c
74
04
04
04
04
04
08
00
00
00
00
00
34
38
00
34
38
00
00
00
00
00
00
00
00
00
00
00
00
31
3e
00
00
00
00
38
44
04
04
04
04
04
04
00
60
60
00
1c
22
02
02
02
02
02
02
00
00
00
00
00
00
00
00
00
00
00
7e
00
00
00
00
00
00
00
00
00
00
02
7e
00
00
00
00
00
00
00
00
00
00
06
7e
00
00
00
00
00
00
00
00
00
00
0a
7e
00
00
00
00
00
00
00
00
00
00
06
02
00
00
00
00
00
00
00
00
00
00
1a
0e
00
00
00
00
00
00
00
00
00
00
0c
0c
00
00
00
00
00
00
18
09
1e
00
31
3e
00
18
7c
5a
5a
5a
7c
5a
5a
5a
7c
18
00
00
00
00
10
10
10
10
10
10
18
18
00
00
00
00
24
24
24
24
24
24
36
36
00
3e
40
7c
04
04
04
04
04
04
06
06
00
38
44
54
34
04
04
04
04
04
06
06
00
6c
14
04
04
04
04
04
04
04
06
06
00
00
38
44
04
04
04
04
04
04
04
04
00
00
74
6a
02
02
02
02
02
02
04
08
00
00
00
00
00
00
00
00
02
3c
54
2c
00
00
00
00
00
00
00
00
00
02
02
02
00
00
00
00
00
00
00
00
00
18
09
1e
00
00
00
00
00
00
00
00
00
28
55
66
00
00
00
00
00
00
00
00
00
02
07
02
00
00
00
00
00
00
00
00
00
03
04
06
00
00
00
00
00
00
00
00
00
00
06
06
00
00
00
00
00
00
00
00
07
04
0a
0c
00
00
00
00
00
00
3c
42
5a
5a
42
3c
00
00
00
00
18
24
42
42
42
42
24
18
00
00
00
00
3c
42
42
5a
3a
02
04
38
00
00
40
40
4a
56
52
5a
5a
5a
42
3c
00
00
00
00
34
4a
4a
4a
4a
4a
62
62
00
00
00
02
02
3c
40
40
4c
4c
48
3e
00
00
00
02
1a
3c
40
40
4c
4c
48
3e
00
00
00
00
40
2c
12
02
02
32
32
3c
00
00
00
00
02
2a
5a
4a
4a
4a
6a
64
00
00
00
00
03
3c
40
40
46
56
52
6e
00
00
00
02
02
1a
34
50
48
48
64
64
00
00
00
00
6a
7a
0a
0a
0a
0a
0a
14
00
00
00
00
60
60
50
54
57
58
50
20